     0  18280   4924   4488   4443   5046  16607  16413  17146  15918   6818   6630   6191   5604   5489   4133   3747   4031   4007   4021   4290   3911   4686   3426   4056   4410   4034   4644   4032   4113   4752   4039   4644   4410   4707   5500   4467   4707   5306   4328   5388   4763   4879   4883   4853   4958   5210   4958   5117   4995   4735   4914   4775   4779   4628   5426   5338   4685   4936   5113   4918   4947   4888   4918   4918   4922   4707   4892   4048   3814   4433   3637   5553   4851   4736   4851   5812   5812   5812   5400   5427   5400   5404   6340   5400   5459   5211   5808   6042   5403   5169   5812   6042   4953   5344   5438   5808   5808   5574   4157   5283   5470   5700   5704   5236   5466   5470   5478   5470   5470   6056   6339   5823   6069   6107   5430   5232   5232   5121   5497   5416   5928   5458   6205   4572   6150   5818   4213   4543   6470   3514   5396   4309   5239   4353   4209 
 18280      0   5214   4778   4933   5536  17169  16975  17708  16480   7481   6637   6221   5347   5232   3873   3487   3771   3747   3761   4030   3651   4426   3166   3796   4150   3774   4384   3772   3853   4492   3779   4384   4150   4447   5240   4207   4447   5046   4068   5128   4503   4619   4623   4593   5639   5891   5639   5798   5285   5025   5204   5065   5069   4918   5166   5628   4975   5226   5403   5208   5237   5178   5208   5208   5212   4997   5182   4338   4104   4726   3927   5293   4591   4476   4591   5552   5552   5552   5140   5167   5140   5144   6080   5140   5199   4951   5548   5782   5143   4909   5552   5782   4693   5084   5178   5548   5548   5314   4447   5573   5210   5440   5444   4976   5206   5210   5218   5210   5210   5796   6079   5563   5809   5847   5170   4972   4972   4861   5237   5809   5668   5198   5945   4312   5890   5558   3953   4283   6210   3254   5136   4049   4979   4093   3949 
  4924   5214      0  20408   8201   8025   6446   6419   6128   6222   5553   5643   5535   7877   7374   5979   6010   6031   5877   5538   6159   6575   6465   5685   5870   6379   5879   6183   6159   5643   6428   5896   6183   6379   5670   6644   5494   5981   6640   6528   6202   5697   5469   5473   5368  14988  14502  14762  14838  19498  19962  18902  14757  14608  19515  18543  19957  19912  19959  19912  20145  19954  19855  19792  19514  19904  19934  20036   5934   6135   1300   6202   6685   6860   6868   6779   6693   6459   6689   6527   6531   6531   6263   5209   6853   6904   6897   6621   6427   6613   6379   6625   6702   7151   5572   5753   6197   6431   6625   8161   7955   6905   6707   6711   6909   6901   6667   6836   6790   7139   6956   6845   6388   6621   7211   6498   7095   6987   6527   6768   6776   6728   6929   5760   6361   7417   6617   5847   6332   7233   5625   6667   6098   5967   5321   5484 
  4488   4778  20408      0   7765   7589   6010   5983   5692   5786   5117   5207   5099   7441   6938   5543   5574   5595   5441   5102   5723   6139   6029   5249   5434   5943   5443   5747   5723   5207   5992   5460   5747   5943   5234   6208   5058   5545   6204   6096   5766   5261   5033   5037   4932  14552  14066  14326  14402  19062  19526  18466  14321  14172  19079  18107  19521  19476  19523  19476  19709  19518  19419  19356  19078  19468  19498  19600   5498   5699    995   5766   6249   6424   6432   6343   6257   6023   6253   6091   6095   6095   5827   4773   6417   6468   6461   6185   5991   6177   5943   6189   6266   6715   5136   5317   5761   5995   6189   7725   7519   6469   6271   6275   6473   6465   6231   6400   6354   6703   6520   6409   5952   6185   6775   6062   6659   6551   6091   6332   6340   6292   6493   5324   5925   6981   6181   5411   5896   6797   5189   6231   5662   6015   4885   4955 
  4443   4933   8201   7765      0  15614   5220   5454   5227   5204   5976   5452   4640   7354   7260   5946   5979   5749   6239   6322   6520   6537   6318   5884   6499   6825   5996   6792   6237   6008   6772   6010   6792   6825   7519   8412   7083   7530   8218   6918   8278   6992   7654   7714   7324   8907   8391   8380   8996   8662   8402   8726   9784   9549   8845   8475   8369   8780   8399   8586   8585   8394   8585   8558   8581   9144   8374   8583   6386   6403   1616   6669   6883   7964   7349   8061   6884   7448   6757   8067   7811   7930   7356   5063   7762   6891   8087   6875   6848   5933   5928   6904   6702   7023   6186   5686   7498   6875   6902   6863   8088   8088   8025   8061   7869   8052   7656   7417   7889   7488   8631   8137   7663   7042   8642   7960   7585   7799   8416   8058   6588   8375   8048   6009   7103   8646   7800   5998   7255   8519   6369   7957   7021   7522   4511   5480 
  5046   5536   8025   7589  15614      0   5856   5829   5863   5840   7337   7096   5977   8003   7856   7367   6850   7408   6560   6330   6447   6626   7977   6755   6820   7147   6317   7114   6559   6352   7094   6569   7114   7147   8129   8307   7983   7871   8113   6739   7723   7602   7960   7844   7942   8379   8014   8014   8533   8403   8143   7783   9321   9086   8586   8559   8329   8354   8455   8093   8326   8438   8036   8560   8299   8764   8115   8309   7951   7968   1371   8273   7120   7290   7157   7433   7121   7545   7044   7441   7193   7459   7292   4595   7374   7353   8348   7337   7310   7127   7118   7401   7235   7678   7331   6248   7752   7337   7364   7732   8486   8349   8279   8322   8277   8306   7992   7305   7775   7945   8005   7569   8012   7504   8903   7489   7839   8113   7790   8295   7638   7904   8293   6731   8991   8776   8147   7819   8988   8859   6357   8194   8754   6971   4994   4671 
 16607  17169   6446   6010   5220   5856      0  18531  18582  17739   7868   7196   6835   5770   5716   4758   4367   4156   4289   4549   4572   4687   4696   3652   4282   4577   4293   4811   4030   4033   4919   4037   4811   4577   4775   5487   4648   5025   5293   4167   5395   4801   4408   4374   4814   6259   6353   6263   6418   6529   6267   6450   5685   5689   6162   6336   6873   6217   6468   6645   6450   6479   6420   6414   6442   6450   6239   6424   5523   5277   4386   4235   4550   4233   4490   4233   4649   5094   4649   4237   4241   4237   4241   4879   4266   4296   4468   4645   4879   5131   4904   4649   4879   4305   5351   3992   4953   4645   4411   4853   4670   4727   4960   4961   4509   4726   4729   4570   4562   4307   4893   5176   4963   4906   5249   4267   4492   4069   4212   4754   5198   4765   4690   5232   4613   5252   4710   4268   4584   5250   3925   4653   4350   4076   4181   3437 
 16413  16975   6419   5983   5454   5829  18531      0  18388  17973   7868   7196   6835   6004   5950   4758   4352   4156   4274   4534   4557   4672   4696   3652   4267   4562   4278   4796   4015   4018   4904   4022   4796   4562   4775   5487   4648   5025   5293   4167   5395   4801   4408   4374   4814   6232   6326   6236   6391   6502   6240   6446   5658   5662   6135   6309   6846   6190   6464   6618   6423   6452   6416   6387   6415   6423   6212   6397   5523   5277   4386   4235   4550   4233   4490   4233   4649   5094   4649   4237   4241   4237   4241   4879   4266   4296   4468   4645   4879   5131   4904   4649   4879   4305   5351   3992   4953   4645   4411   4853   4670   4727   4960   4961   4509   4726   4729   4570   4562   4307   4893   5176   4963   4906   5249   4267   4492   4069   4212   4754   5198   4765   4690   5232   4613   5252   4710   4268   4584   5250   3925   4653   4350   4076   4181   3437 
 17146  17708   6128   5692   5227   5863  18582  18388      0  17596   7608   6936   6628   5715   5723   4715   4355   4095   4296   4556   4579   4694   4635   3659   4289   4584   4323   4818   4037   4063   4926   4044   4818   4584   4782   5494   4655   4927   5300   4174   5402   4808   4377   4381   4821   5999   6021   6003   6158   6199   5939   6118   5425   5429   5832   6076   6542   5889   6140   6317   6122   6151   6092   6122   6118   6122   5911   6096   5476   5242   4676   4242   4557   4240   4497   4240   4656   5101   4656   4244   4271   4244   4248   5184   4244   4303   4475   4652   4886   5138   4911   4656   4886   4312   5358   4282   4960   4652   4418   4721   4677   4734   4967   4968   4498   4733   4736   4577   4569   4314   4900   5183   4970   4913   5256   4274   4499   4076   3965   4761   5205   4772   4697   5239   4586   5259   4717   4190   4557   5257   3932   4660   4323   4083   4181   3064 
 15918  16480   6222   5786   5204   5840  17739  17973  17596      0   7596   6924   6562   6309   6257   4684   4278   4082   4202   4462   4485   4600   4680   3818   4195   4728   4206   4724   4011   3990   4832   4018   4724   4728   4898   5546   4707   5147   5352   4285   5513   4805   4526   4458   4881   5855   5921   5859   6014   6582   6322   6235   5281   5285   5926   5932   6636   5983   6216   6210   6216   6245   6209   6216   6212   6216   6186   6190   5215   5207   4088   3929   4252   4351   4608   4353   4402   4788   4402   4356   4359   4355   4359   5261   4383   4287   4400   4636   4632   4884   4657   4402   4632   4296   5104   4110   4647   4398   4402   4971   4788   4659   4654   4655   4439   4658   4661   4561   4553   4298   5012   5432   4895   4659   5181   4385   4424   4060   4279   4686   5155   4883   4949   4795   4602   5184   4646   4259   4573   5298   3857   4585   4339   4195   4283   3525 
  6818   7481   5553   5117   5976   7337   7868   7868   7608   7596      0  17921  17462   4997   5328   2868   3255   2552   2965   2659   2898   2963   3206   2309   3001   3596   2979   3601   3256   2425   3645   2660   3601   3596   4809   4648   4836   4528   4644   3775   4228   4478   3617   3483   4955   6061   5804   6059   6217   5282   5585   5331   5624   5463   5688   5286   5924   5349   5582   5777   5582   5587   5582   5531   4647   5591   5591   5776   3509   3524    424   4563   3585   3832   3553   3795   3429   3867   3588   3791   3808   3456   3696   3990   3628   3269   3730   3618   3591   3256   3022   3481   3515   3417   3553   3706   3876   3357   3384   3657   4220   3609   3791   3582   3309   3818   3699   3110   3104   3109   4446   4614   3863   3618   4245   3463   3822   3381   4025   3636   4552   4066   3580   3482   3126   4181   3764   2742   3123   4530   2935   3535   2889   3515   1643   3318 
  6630   6637   5643   5207   5452   7096   7196   7196   6936   6924  17921      0  16558   4781   5112   2934   3659   2901   3369   3331   3302   3319   3565   2393   3115   3990   3383   3995   3660   3342   3760   3072   3995   3990   5182   5535   5209   4901   5531   4284   5101   4851   3937   4019   5328   5747   5490   5745   5903   5372   5675   5421   5926   5765   5778   5376   6014   5439   5672   5867   5672   5677   5672   5642   4746   5681   5681   5866   4089   4123   1039   4887   4180   4284   3776   4402   4179   4617   4259   4398   4415   4063   4344   4347   4276   3940   4344   4051   4024   3313   3079   3860   3688   3320   3382   3826   4737   4218   4245   3734   4855   4343   4462   4316   4043   4489   4370   3844   3838   3841   5063   5231   4325   4028   4969   4070   4493   4052   4643   4370   4551   4663   4314   4343   3461   4925   4326   3180   3458   5137   2490   4269   3224   4145   2167   2888 
  6191   6221   5535   5099   4640   5977   6835   6835   6628   6562  17462  16558      0   4902   4939   2884   2885   2746   2710   2853   2643   2737   3401   1921   2318   3342   2724   3347   2886   2318   3499   2854   3347   3342   4010   4172   4037   3846   4168   3031   3990   3679   2874   2739   4133   5614   5357   5612   5770   5264   5567   5313   5519   5358   5670   5558   5906   5331   5564   5759   5564   5569   5564   5552   4737   5573   5573   5758   3713   3728   1204   4767   3111   3541   3882   3403   2820   3341   2743   3613   3648   3575   3515   3720   3232   2776   3943   3125   3098   3161   3347   3190   3113   3290   3507   3435   3408   2864   2891   3892   3824   3652   3583   3625   3704   3610   3538   2770   3163   3121   4154   4351   3923   3125   4289   3582   3614   3216   3460   3663   3266   4210   3679   3140   4116   4209   3984   3727   4114   4598   3312   3562   3880   3337   2666   2943 
  5604   5347   7877   7441   7354   8003   5770   6004   5715   6309   4997   4781   4902      0  18799   9960   9189  10086   9192   8929   9473   9148   9861   9647   9452   8945   8949   8935   9473   8712   8915   9802   8935   8945   8276   9155   8536   7997   8961   7692   8781   7952   8086   7965   8199   8087   7979   8023   8214   7367   7493   6948   7872   7637   6878   8455   7737   7415   7387   7415   7387   7415   7097   7832   7454   7938   7357   7581   9983   9988   3011   8754   9312   9543   9432   9753   9031   8901   9079   9211   8978   9206   9377   6628   9172   9297   9182   9014   9010   8913   8909   8825   8992   9020   8491   8414   9100   9014   9018   7992   8013   8901   9119   8899   9000   9124   8814   9189   9147   9068   8980   8643   8370   8776   8644   9236   8890   8654   9195   8764   7709   8840   9025   8460   8926   8451   8748   7890   8897   8932   9453   8663   8663   8751   7097   7936 
  5489   5232   7374   6938   7260   7856   5716   5950   5723   6257   5328   5112   4939  18799      0   9173   8388   9253   8444   8377   8727   8384   9028   8893   8704   8191   8654   8187   8725   8212   8168   9021   8187   8191   7923   8874   8183   7644   8680   7243   8382   7599   7946   8027   7612   8464   8268   8458   8513   7778   7435   7189   8171   7929   7333   8172   7677   7357   7329   7357   7329   7357   7039   7283   7381   7814   7299   7523   9207   9175   2936   8148   9459   9106   8815   9382   9178   9218   8962   8840   8815   8862  10059   6357   8771   8860   9226   8577   8573   8239   8243   8388   8553   8352   7909   7721   8437   8577   8581   7519   7548   8945   8746   8941   8970   8750   9391   8898   8928   8921   8609   8242   9306   8339   8688   8892   8516   8430   8824   8808   8302   8496   8748   8261   8348   8495   8792   7671   8319   8558   9052   8707   8085   8380   6930   7406 
  4133   3873   5979   5543   5946   7367   4758   4758   4715   4684   2868   2934   2884   9960   9173      0  17092  17140  16985  16591  16635  16356  16915  16915  17245  16497  16745  16729  16717  16539  16709  16750  16729  16497  12904  12910  13037  12623  12671  12719  12729  12930  13296  13064  12799   7256   6493   7022   7406   6383   6383   6024   6682   6448   6460   7317   6700   6305   6277   6094   6277   6297   6537   6459   6273   6526   6247   6275  16357  16470   2297  14791  14182  13549  13869  13619  14450  14355  14766  13627  13494  13362  13606  11319  13561  14712  13644  14429  14663  15224  15243  14448  14671  14627  14999  13917  14395  14667  14433  13681  13188  13912  14399  14149  14222  14166  13932  13377  13777  14197  13397  13001  13375  14429  13656  13195  13904  13756  13344  13775  13802  12997  13872  13919  14734  13462  13624  13977  14628  13839  14625  13674  14394  12970  11798  11026 
  3747   3487   6010   5574   5979   6850   4367   4352   4355   4278   3255   3659   2885   9189   8388  17092      0  16959  18152  17452  17802  17523  16734  16460  17862  17692  17944  17896  17884  17780  17616  17677  17896  17692  12083  12929  12216  11802  12690  12188  12748  12109  12788  12556  11978   7275   6505   7041   7425   6402   6402   6043   6701   6467   6479   7046   6719   6301   6296   6063   6296   6316   6556   6493   6294   6545   6266   6294  16134  16321   1795  14554  13546  13197  13667  13279  13814  13572  14148  13287  13168  13024  13259  10979  13209  14383  13306  14100  14334  14616  14635  14110  14063  14119  14454  13653  14066  14338  14104  13116  12836  13574  14070  13811  13673  13837  13592  13057  13425  13859  13057  12650  13023  14100  13318  12857  13575  13404  13004  13437  13453  12659  13534  13567  13746  13124  13286  13315  13640  13510  14113  13336  13406  12630  10889  10686 
  4031   3771   6031   5595   5749   7408   4156   4156   4095   4082   2552   2901   2746  10086   9253  17140  16959      0  16862  16908  16512  16181  18500  16334  16572  16466  16670  16606  17144  16506  16326  17717  16606  16466  12399  13245  12822  12118  13018  11954  12786  12425  12794  12562  12294   7025   6331   6791   7175   6419   6419   6060   6463   6229   6496   7613   6736   6341   6313   6130   6313   6333   6573   6528   6315   6562   6283   6311  16638  16873   2136  15699  13878  13497  13963  13583  13596  13354  13894  13041  13083  12806  13013  10848  12959  14129  13638  13846  14080  14362  14381  13892  13809  13871  14200  14181  13812  14084  13850  13198  12610  13356  13816  13593  13455  13583  13346  12724  13187  13641  12811  12404  12783  13846  13100  12639  13333  13166  13025  13219  13770  12441  13316  13317  13766  12906  13068  13065  13660  13256  13859  13118  13426  12384  11216  10452 
  4007   3747   5877   5441   6239   6560   4289   4274   4296   4202   2965   3369   2710   9192   8444  16985  18152  16862      0  17672  18004  17725  16637  16672  18064  17904  18156  18098  18086  17992  17818  17889  18098  17904  12132  12978  12265  11851  12739  12237  12797  12158  12880  12648  12027   7015   6245   6781   7165   6432   6432   6073   6441   6207   6509   7076   6749   6331   6326   6093   6326   6346   6586   6566   6367   6575   6296   6324  16027  16223   1535  14381  13340  12937  13497  13146  13608  13361  13950  13154  13015  12818  13126  10846  12949  14185  13016  13902  14136  14418  14437  13820  13865  13921  14256  13450  13868  14140  13906  12963  12663  13284  13872  13521  13383  13639  13459  12823  13165  13569  12924  12517  12835  13902  13028  12651  13377  13164  12871  13147  13320  12453  13244  13357  13482  12834  12996  13055  13376  13312  13915  13046  13142  12497  10756  10633 
  4021   3761   5538   5102   6322   6330   4549   4534   4556   4462   2659   3331   2853   8929   8377  16591  17452  16908  17672      0  17321  17119  16683  16048  17382  17280  17529  17416  17404  17332  17136  17985  17416  17280  12734  13030  12867  12453  12791  12289  12849  12760  12754  12534  12629   6465   5695   6231   6615   6142   5903   5523   5891   5657   6036   7076   6199   5802   5797   5564   5797   5824   6057   5946   5841   6044   5767   5795  15994  16184   2306  15105  13339  12937  13435  13084  13607  13365  13824  13092  13100  12817  13064  10929  12949  14134  13099  13851  14087  14369  14387  13903  13816  13882  14205  14148  13819  14091  13855  13197  12609  13367  13823  13604  13466  13587  13397  12733  13198  13652  12862  12455  12773  13853  13111  12650  13325  13144  12809  13230  13808  12452  13327  13309  13656  12917  13079  13055  13550  13260  13865  13129  13316  12435  11244  10021 
  4290   4030   6159   5723   6520   6447   4572   4557   4579   4485   2898   3302   2643   9473   8727  16635  17802  16512  18004  17321      0  17375  16287  16322  17714  17554  17804  17748  17736  17640  17468  17539  17748  17554  12019  12627  12152  11738  12388  11886  12446  12045  12529  12297  11914   7199   6280   6965   7358   6715   6715   6356   6634   6400   6792   7359   7032   6614   6609   6376   6609   6629   6869   6847   6648   6858   6579   6607  15915  16110   1486  14269  12989  13009  13512  13161  13257  13248  13599  13169  13030  12894  13141  10861  13086  13834  12903  13551  13785  14067  14086  13469  13514  13853  13905  13099  13755  13789  13555  12978  12711  13171  13759  13408  13270  13526  13347  13106  13529  13218  12939  12532  12723  13551  12915  12727  13264  13241  12886  13034  13089  12529  13131  13006  13369  12721  12883  13071  13263  13199  13802  12933  13029  12512  10926  10648 
  3911   3651   6575   6139   6537   6626   4687   4672   4694   4600   2963   3319   2737   9148   8384  16356  17523  16181  17725  17119  17375      0  15956  16005  17435  17237  17485  17469  17457  17263  17189  17200  17469  17237  11805  12941  11938  11524  12702  11910  13020  11831  12559  12827  11700   7738   6958   7505   7889   6547   6803   6188   7165   6931   6624   7191   7056   6702   6697   6464   6697   6724   6957   6954   6771   6690   6667   6695  15658  15442   1256  13777  13413  13052  13303  13219  13681  13434  14023  13227  13090  13310  13199  10919  13064  14258  13147  13975  14209  14208  14394  13951  13938  14336  13675  12508  13941  14213  13979  12642  12736  13415  13945  13652  13498  13712  13532  12902  13280  13700  12997  12590  12908  13975  13159  13143  13450  13259  12944  13278  13754  12945  13375  13430  13138  12965  13127  12516  13032  13385  13594  13177  12798  12570  11330  10706 
  4686   4426   6465   6029   6318   7977   4696   4696   4635   4680   3206   3565   3401   9861   9028  16915  16734  18500  16637  16683  16287  15956      0  16109  16347  16803  16445  16943  16919  16281  16663  17492  16943  16803  12735  13582  13158  12454  13355  12287  13123  12761  13130  12898  12629   7362   6668   7128   7512   6853   6853   6494   6800   6566   6930   8047   7170   6775   6747   6564   6747   6767   7007   6962   6749   6996   6717   6745  16413  16648   2698  15474  13653  13272  13738  13358  13371  13129  13669  12816  12858  12581  12788  10623  12734  13904  13413  13621  13855  14137  14156  13667  13584  13646  13975  13956  13587  13859  13625  13632  13044  13131  13591  13368  13230  13358  13121  12499  12962  13416  13245  12838  12558  14049  13437  12414  13108  12941  12800  12994  13545  12778  13091  13092  13541  13340  12843  12840  13435  13690  13634  12893  13201  12159  10991  10227 
  3426   3166   5685   5249   5884   6755   3652   3652   3659   3818   2309   2393   1921   9647   8893  16915  16460  16334  16672  16048  16322  16005  16109      0  16932  16849  16402  16416  16404  16238  16396  16261  16416  16849  12323  12619  12456  12042  12380  12428  12438  12516  13071  12839  12218   6393   6058   6159   6543   6238   6238   5879   5819   5585   6315   6454   6555   6160   6132   5949   6132   6152   6392   6374   6175   6381   6102   6130  15407  15619   1161  13853  12720  12576  13382  12787  12988  12741  13330  12795  12797  12459  12767  10464  12588  13993  12828  13710  13516  14058  14077  13204  13505  14279  14186  13760  13248  13520  13714  12604  12304  13096  13252  12905  13195  13447  13267  12634  12971  13381  12565  12158  12643  13282  12840  12292  13185  12972  12512  12959  12700  12094  13056  12737  13844  12646  12808  13121  13738  13120  14006  12858  13504  12138  10630  10557 
  4056   3796   5870   5434   6499   6820   4282   4267   4289   4195   3001   3115   2318   9452   8704  17245  17862  16572  18064  17382  17714  17435  16347  16932      0  17614  17866  17808  17796  17702  17788  17599  17808  17614  12392  12688  12525  12111  12449  12497  12507  12418  13140  12908  12287   7275   6478   7041   7425   6425   6425   6066   6701   6467   6502   7069   6742   6324   6319   6086   6319   6339   6579   6559   6360   6568   6289   6317  15737  15933   1694  14091  13050  12711  13451  12856  13318  13071  13660  12864  12725  12528  12836  10556  12659  13895  12726  13612  13846  14388  14407  13530  13835  14181  14516  13160  13578  13850  13616  12673  12373  12994  13582  13231  13093  13349  13169  12533  12875  13279  12634  12227  12545  13612  12738  12361  13087  12874  12581  12857  13030  12163  12954  13067  13742  12544  12706  13025  13636  13022  13625  12756  13402  12207  10726  10343 
  4410   4150   6379   5943   6825   7147   4577   4562   4584   4728   3596   3990   3342   8945   8191  16497  17692  16466  17904  17280  17554  17237  16803  16849  17614      0  17634  18333  17636  17470  18053  17493  18333  18766  12589  13436  12722  12308  13197  12691  13255  12782  13337  13105  12483   7210   6868   6976   7360   6932   6932   6573   6636   6402   7009   7148   7249   6831   6826   6593   6826   6846   7086   7068   6869   7075   6796   6824  15539  15751   1955  13985  12852  12708  13270  12919  13120  12873  13462  12927  12929  12591  12899  10596  12720  14125  12960  14109  13915  14197  14216  13603  13644  14128  14035  14159  13670  13942  14136  13298  12998  13228  13384  13037  13327  13579  13399  12765  13103  13513  13259  12852  13042  13681  13657  12424  13317  13104  12644  13091  12832  12911  13188  13159  13426  13340  12940  12993  13320  13814  13855  12990  13086  12270  10502  10406 
  4034   3774   5879   5443   5996   6317   4293   4278   4323   4206   2979   3383   2724   8949   8654  16745  17944  16670  18156  17529  17804  17485  16445  16402  17866  17634      0  17900  17888  18477  17618  17670  17900  17634  12466  12740  12599  12192  12501  11999  12559  11920  12644  12412  12361   7079   6249   6830   7169   6436   6436   6077   6445   6211   6513   7080   6753   6335   6330   6097   6330   6350   6590   6562   6363   6579   6300   6328  16114  15765   1565  14245  13104  12703  13261  12910  13372  13125  13714  12918  13627  12582  12890  10848  12715  13949  12778  13666  13900  14182  14201  13577  13629  13685  14020  13569  13632  13904  13670  12727  12427  13046  13636  13280  13140  13403  13223  12592  12931  13326  12688  12281  12599  13666  12790  12415  13141  12928  12635  12909  13084  12217  13006  13121  13235  12596  12758  12821  13129  13076  13679  12808  12895  12261  10754  10397 
  4644   4384   6183   5747   6792   7114   4811   4796   4818   4724   3601   3995   3347   8935   8187  16729  17896  16606  18098  17416  17748  17469  16943  16416  17808  18333  17900      0  17830  17736  18247  17633  18527  18333  12560  13407  12693  12279  13168  12662  13226  12586  13308  13076  12454   7444   6674   7210   7594   6738   6738   6379   6870   6636   6815   7382   7055   6637   6632   6399   6632   6652   6892   6872   6673   6881   6602   6630  15771  15967   2189  14125  13084  12681  13241  12890  13352  13105  13694  12898  12759  12562  12870  10590  12693  13929  12760  13913  14147  14429  14448  13831  13876  13932  14267  13461  13902  14174  13940  13269  12969  13028  13616  13265  13127  13383  13203  12567  12909  13313  13230  12823  12846  13913  13457  12395  13121  12908  12615  12891  13064  12882  12988  13391  13226  13140  12740  12799  13120  13618  13659  12790  12886  12241  10500  10377 
  4032   3772   6159   5723   6237   6559   4030   4015   4037   4011   3256   3660   2886   9473   8725  16717  17884  17144  18086  17404  17736  17457  16919  16404  17796  17636  17888  17830      0  17724  17550  18171  17830  17636  11864  13000  12287  11583  12761  11969  12529  11890  12612  12380  11759   7007   6279   6773   7157   6714   6714   6355   6433   6199   6791   7358   7031   6613   6608   6375   6608   6628   6868   6848   6649   6857   6578   6606  15759  15955   1527  14663  13622  13219  13779  13428  13340  13093  13682  12886  12747  12550  12858  10578  12681  13917  13298  13634  13868  14150  14169  13552  13597  13653  13988  13182  13600  13872  13638  12695  12395  13016  13604  13253  13115  13371  13191  12555  12897  13301  12656  12249  12567  13634  12760  12383  13109  12896  12870  12879  13052  12185  12976  13089  13214  12566  12728  12787  13108  13044  13647  12778  12874  12229  10488  10365 
  4113   3853   5643   5207   6008   6352   4033   4018   4063   3990   2425   3342   2318   8712   8212  16539  17780  16506  17992  17332  17640  17263  16281  16238  17702  17470  18477  17736  17724      0  17454  17506  17736  17470  12302  12780  12435  12028  12541  11749  12859  11960  12952  12720  12197   7026   6256   6792   7176   6176   6176   5817   6452   6218   6253   6820   6493   6075   6070   5837   6070   6090   6330   6334   6135   6319   6040   6068  15978  15639   1852  14349  13412  12443  13017  12666  13680  13433  14022  13224  13729  12888  13196  11154  13005  14257  13070  13974  14208  13940  13959  13879  13937  13733  13778  14252  13940  14212  13978  12483  12733  13338  13944  13573  13442  13711  13529  12909  13221  13630  12994  12587  12905  13974  13082  12721  13449  13236  12941  13201  13390  12523  13298  13429  13246  12888  13050  12851  13140  13384  13592  13100  12906  12567  10777  10703 
  4752   4492   6428   5992   6772   7094   4919   4904   4926   4832   3645   3760   3499   8915   8168  16709  17616  16326  17818  17136  17468  17189  16663  16396  17788  18053  17618  18247  17550  17454      0  17353  18247  18053  12541  13128  12674  12260  12889  12643  12947  12567  13289  13057  12435   7552   6949   7318   7702   6846   6846   6487   6978   6744   6923   7490   7163   6745   6740   6507   6740   6760   7000   6980   6781   6989   6710   6738  15491  15687   2297  13845  12810  12402  12978  12610  13078  12826  13415  12618  12479  12282  12590  10310  12677  13650  12566  13634  13868  14704  14723  13551  14151  13913  14248  13182  13623  13895  13661  13260  12689  12834  13337  13071  12865  13104  12923  12288  12630  13061  12950  12543  12566  13634  13263  12115  12842  12629  12335  12697  12784  12602  12794  13112  13206  12946  12546  13074  13100  13339  13380  12596  12866  11961  10774  10097 
  4039   3779   5896   5460   6010   6569   4037   4022   4044   4018   2660   3072   2854   9802   9021  16750  17677  17717  17889  17985  17539  17200  17492  16261  17599  17493  17670  17633  18171  17506  17353      0  17633  17493  12174  12760  12597  11893  12521  11729  12289  12200  12344  12112  12069   6747   6019   6513   6897   6454   6454   6095   6173   5939   6531   7648   6771   6353   6348   6115   6348   6368   6608   6614   6415   6597   6318   6346  16247  16495   2370  15207  13354  12959  13516  13165  13072  12825  13414  12623  12677  12287  12595  10410  12421  13649  13071  13366  13600  13882  13901  13325  13329  13385  13720  13666  13332  13604  13370  12722  12132  12789  13336  13026  12888  13103  12928  12199  12637  13074  12393  11986  12304  13366  12533  12120  12841  12628  12607  12652  13339  11922  12749  12821  13227  12339  12501  12527  13121  12776  13379  12551  12887  11966  10775  10102 
  4644   4384   6183   5747   6792   7114   4811   4796   4818   4724   3601   3995   3347   8935   8187  16729  17896  16606  18098  17416  17748  17469  16943  16416  17808  18333  17900  18527  17830  17736  18247  17633      0  18333  12560  13407  12693  12279  13168  12662  13226  12586  13308  13076  12454   7444   6674   7210   7594   6738   6738   6379   6870   6636   6815   7382   7055   6637   6632   6399   6632   6652   6892   6872   6673   6881   6602   6630  15771  15967   2189  14125  13084  12681  13241  12890  13352  13105  13694  12898  12759  12562  12870  10590  12693  13929  12760  13913  14147  14429  14448  13831  13876  13932  14267  13461  13902  14174  13940  13269  12969  13028  13616  13265  13127  13383  13203  12567  12909  13313  13230  12823  12846  13913  13457  12395  13121  12908  12615  12891  13064  12882  12988  13391  13226  13140  12740  12799  13120  13618  13659  12790  12886  12241  10500  10377 
  4410   4150   6379   5943   6825   7147   4577   4562   4584   4728   3596   3990   3342   8945   8191  16497  17692  16466  17904  17280  17554  17237  16803  16849  17614  18766  17634  18333  17636  17470  18053  17493  18333      0  12589  13436  12722  12308  13197  12691  13255  12782  13337  13105  12483   7210   6868   6976   7360   6932   6932   6573   6636   6402   7009   7148   7249   6831   6826   6593   6826   6846   7086   7068   6869   7075   6796   6824  15539  15751   1955  13985  12852  12708  13270  12919  13120  12873  13462  12927  12929  12591  12899  10596  12720  14125  12960  14109  13915  14197  14216  13603  13644  14128  14035  14159  13670  13942  14136  13298  12998  13228  13384  13037  13327  13579  13399  12765  13103  13513  13259  12852  13042  13681  13657  12424  13317  13104  12644  13091  12832  12911  13188  13159  13426  13340  12940  12993  13320  13814  13855  12990  13086  12270  10502  10406 
  4707   4447   5670   5234   7519   8129   4775   4775   4782   4898   4809   5182   4010   8276   7923  12904  12083  12399  12132  12734  12019  11805  12735  12323  12392  12589  12466  12560  11864  12302  12541  12174  12560  12589      0  16019  18852  19006  15779  16807  15440  18761  16748  16654  18986   5927   6382   6042   6086   6531   6374   5637   5361   5127   5773   6004   6799   6296   6424   6292   6268   6387   6524   6535   5445   6456   6238   6268  13814  13668   1766  12140  12757  13194  12367  13075  13025  13614  13159  13342  13091  13096  13132  10418  13314  13344  13499  13328  13301  13230  12996  13309  12991  12816  13008  11734  13961  13328  13355  13088  13420  13767  13942  13740  13432  13969  13575  12588  13059  13157  13673  13208  13344  13067  14195  12929  13706  13400  13059  13630  13510  13415  13791  12435  13001  13878  13480  12516  12895  14203  12128  13529  12661  12686  10695  10769 
  5500   5240   6644   6208   8412   8307   5487   5487   5494   5546   4648   5535   4172   9155   8874  12910  12929  13245  12978  13030  12627  12941  13582  12619  12688  13436  12740  13407  13000  12780  13128  12760  13407  13436  16019      0  15892  15737  18612  15608  17429  15658  16382  16588  15913   6843   7079   6609   6993   6716   6565   5916   6266   6032   6497   6207   6975   6487   6615   6483   6459   6581   6715   6806   6293   6648   6429   6459  13288  13313   1738  12446  14253  13427  13032  13423  14231  13934  14127  13399  13157  13397  13307  10675  13402  14250  14093  14234  14207  13728  13720  13993  13936  13656  13394  13157  14043  14234  14261  12947  13508  14071  14024  14044  13788  14051  13735  13503  13972  14259  13731  13324  13733  13973  14500  13230  13786  13716  13123  13934  12956  13717  14031  13500  12973  14183  13783  12438  12867  14286  12415  13833  12633  12783  10230  10755 
  4467   4207   5494   5058   7083   7983   4648   4648   4655   4707   4836   5209   4037   8536   8183  13037  12216  12822  12265  12867  12152  11938  13158  12456  12525  12722  12599  12693  12287  12435  12674  12597  12693  12722  18852  15892      0  18570  15652  16371  15313  18491  16621  16527  18746   6237   6353   6241   6396   6645   6488   5751   5671   5437   5887   6165   6913   6410   6538   6406   6382   6501   6638   6649   5508   6570   6352   6382  13947  13801   1819  12563  13180  13617  12790  13498  13158  13747  13292  13475  13224  13229  13265  10551  13447  13477  13922  13461  13434  13363  13129  13442  13124  12934  13141  11867  14094  13461  13488  13221  13553  13900  14075  13873  13565  14102  13708  12721  13192  13290  13806  13341  13477  13200  14328  13062  13839  13533  13199  13763  13643  13548  13860  12568  13134  14011  13613  12375  13028  14336  12261  13662  12794  12819  10428  10789 
  4707   4447   5981   5545   7530   7871   5025   5025   4927   5147   4528   4901   3846   7997   7644  12623  11802  12118  11851  12453  11738  11524  12454  12042  12111  12308  12192  12279  11583  12028  12260  11893  12279  12308  19006  15737  18570      0  15497  16525  15158  18479  16467  16373  18704   6232   6125   6236   6086   6529   6372   5637   5361   5127   5771   6004   6797   6294   6422   6290   6266   6385   6522   6532   5443   6454   6236   6266  13540  13387   1946  11859  12476  13097  12338  13084  12744  13333  12878  13351  13100  13105  12851  10427  13617  13063  13218  13047  13020  12951  12717  13028  12711  12537  12729  11455  13680  13047  13074  12808  13139  13486  13661  13459  13151  13688  13294  12307  12778  12876  13682  13217  13063  12786  13914  12938  13425  13119  13068  13349  13228  13424  13510  12154  12722  13597  13199  12237  12616  13922  11849  13248  12382  12695  10706  10780 
  5306   5046   6640   6204   8218   8113   5293   5293   5300   5352   4644   5531   4168   8961   8680  12671  12690  13018  12739  12791  12388  12702  13355  12380  12449  13197  12501  13168  12761  12541  12889  12521  13168  13197  15779  18612  15652  15497      0  15374  17663  15418  16140  16346  15673   6431   6667   6197   6581   6712   6561   5912   6239   6005   6493   6108   6971   6483   6611   6479   6455   6577   6711   6802   6289   6644   6425   6455  13094  13119   1544  12252  14013  13187  12792  13183  13991  13694  13887  13159  12917  13157  13067  10435  13162  14010  13868  13994  13967  13488  13480  13753  13696  13416  13154  12917  13803  13994  14021  12753  13314  13846  13799  13819  13563  13826  13510  13278  13747  14034  13491  13084  13508  13733  14275  12897  13592  13522  12883  13709  12762  13477  13806  13260  12748  13958  13558  12213  12642  14061  12144  13608  12408  12543   9990  10989 
  4328   4068   6528   6096   6918   6739   4167   4167   4174   4285   3775   4284   3031   7692   7243  12719  12188  11954  12237  12289  11886  11910  12287  12428  12497  12691  11999  12662  11969  11749  12643  11729  12662  12691  16807  15608  16371  16525  15374      0  15329  16280  16560  16525  16505   5957   6019   5961   6116   6454   6512   6185   5397   5163   6376   5867   6569   6434   6562   6430   6406   6421   6662   6779   6284   6253   6376   6297  11971  11996   1372  10624  11801  11940  12517  11963  12069  11835  12460  11971  11737  11737  11997  10131  11952  12562  11705  12546  12518  13361  13119  12439  12507  12304  12638  11466  12274  12545  12573  12406  12142  11973  12255  11946  11806  12283  11974  11390  11858  12260  12299  11950  11723  12284  12398  11570  12026  11842  11688  11836  11824  12053  11997  11763  12700  12081  11686  12365  12731  12514  11458  11735  12497  11393  10875   9533 
  5388   5128   6202   5766   8278   7723   5395   5395   5402   5513   4228   5101   3990   8781   8382  12729  12748  12786  12797  12849  12446  13020  13123  12438  12507  13255  12559  13226  12529  12859  12947  12289  13226  13255  15440  17429  15313  15158  17663  15329      0  15079  16353  16561  15334   6371   6623   6137   6521   6077   5928   5474   6179   5945   5858   5402   6403   5850   5978   5846   5822   5944   6078   6185   5857   6011   5792   5822  12858  12883   2566  11599  13332  12201  12474  12224  13600  13312  13546  12782  12548  12786  12808  10721  12763  13755  13202  13739  13712  13181  13177  13498  13441  13492  12739  12662  13459  13739  13766  12728  12995  13470  13455  13443  13546  13482  13227  12882  13350  13762  13114  12765  13215  13478  13899  12526  13248  13119  12499  13333  12383  13106  13430  13001  12567  13582  13182  12419  12461  13717  12335  13232  12227  12125  10050  10733 
