     0   1101    504    126   -324   1778   1608   2541   1198    250   -769 
  1101      0   3940   3209   -303    672   3301   3896   1524    296   2924 
   504   3940      0   4014    984   2051   1398   2888   2358    595   1397 
   126   3209   4014      0   -393    -58   1928   4569    935   1114    835 
  -324   -303    984   -393      0   1500     22    -75   1762  -2647   -451 
  1778    672   2051    -58   1500      0   3081    501   1855  -2640   -920 
  1608   3301   1398   1928     22   3081      0   3743   2296   -653   -580 
  2541   3896   2888   4569    -75    501   3743      0   2509   -153   1321 
  1198   1524   2358    935   1762   1855   2296   2509      0  -1902  -1338 
   250    296    595   1114  -2647  -2640   -653   -153  -1902      0   3300 
  -769   2924   1397    835   -451   -920   -580   1321  -1338   3300      0 
